input_vec: [16](0,0,1,0,2,0,3,0,4,0,5,0,6,0,7,0)
Computing FFT...
input_vec: [16](28,0,-4,9.65685,-4,4,-4,1.65685,-4,0,-4,-1.65685,-4,-4,-4,-9.65685)
output_vec: [16](28,0,-4,9.65685,-4,4,-4,1.65685,-4,0,-4,-1.65685,-4,-4,-4,-9.65685)
Computing inverse FFT...
input_vec: [16](1.19209e-07,0,1,-7.35137e-08,2,3.17865e-08,3,1.39091e-08,4,0,5,4.56956e-08,6,-3.17865e-08,7,1.39091e-08)
output_vec: [16](1.19209e-07,0,1,-7.35137e-08,2,3.17865e-08,3,1.39091e-08,4,0,5,4.56956e-08,6,-3.17865e-08,7,1.39091e-08)
!!!! TUTORIAL COMPLETED SUCCESSFULLY !!!!
